40
0
0
110 120 101 110 100 100 110 110 110 110 111 120 110 100 110 101 
111 130 110 110 100 100 110 101 120 120 130 111 120 120 130 120 
111 120 100 100 100 100 110 120 140 121 130 110 120 121 121 120 
120 120 100 100 100 100 100 120 131 141 130 110 110 130 121 120 
101 110 100 100 100 100 100 120 121 140 111 110 100 120 130 130 
110 110 110 110 110 100 100 110 110 120 110 110 110 120 121 111 
110 110 110 101 110 100 110 110 110 100 100 100 110 111 130 120 
101 110 110 120 120 110 110 101 120 110 110 100 110 110 110 100 
110 120 110 130 111 120 110 110 120 101 110 100 100 100 100 100 
100 110 111 140 121 120 100 100 110 110 110 110 110 110 100 100 
100 110 120 121 120 110 100 100 100 100 100 110 101 110 100 100 
100 100 110 120 130 120 120 120 120 110 100 110 120 120 110 100 
100 100 100 120 121 121 120 111 111 110 100 100 110 101 120 110 
100 100 100 130 131 140 130 130 140 120 110 100 110 120 130 111 
100 100 100 130 121 130 110 101 120 101 110 100 100 110 111 120 
100 100 100 120 111 120 110 110 120 110 110 100 100 110 110 110 
